Graph adjacency list:
376 -> 378 
397 -> 371 371 
402 -> 366 366 389 389 
366 -> 389 402 402 389 
357 -> 425 
365 -> 350 350 389 425 425 389 
350 -> 389 365 425 365 425 389 
379 -> 344 344 347 347 
241 -> 238 238 
378 -> 237 242 376 377 
377 -> 237 242 378 
256 -> 237 239 239 243 248 354 
239 -> 237 354 243 256 256 248 
356 -> 226 226 227 227 292 292 
208 -> 230 451 230 451 
262 -> 204 204 230 230 396 396 
396 -> 204 204 230 230 262 262 396 396 
191 -> 292 375 292 375 
188 -> 360 361 426 
422 -> 186 232 424 
246 -> 185 245 306 
306 -> 185 245 246 
409 -> 185 237 333 368 
368 -> 185 237 333 409 
212 -> 185 185 203 203 204 204 
203 -> 185 185 221 232 425 425 221 232 204 212 204 212 
362 -> 185 186 225 232 375 
225 -> 185 186 232 362 375 
380 -> 185 186 226 226 227 227 232 381 381 417 407 381 
417 -> 185 380 407 
253 -> 185 250 254 
250 -> 185 254 253 
252 -> 185 251 254 
251 -> 185 254 252 
254 -> 185 185 250 251 252 253 
218 -> 185 193 259 
193 -> 185 259 218 
259 -> 185 193 218 
410 -> 185 186 370 
344 -> 185 185 345 407 407 345 347 379 347 379 
345 -> 185 185 185 344 344 346 425 407 407 
238 -> 185 185 226 226 227 227 241 241 242 242 
330 -> 185 185 329 329 
338 -> 185 230 341 
340 -> 185 230 337 
337 -> 185 230 340 
438 -> 185 185 185 185 185 201 201 201 201 219 230 230 266 294 411 411 426 441 439 442 439 442 
318 -> 185 230 448 
441 -> 185 185 201 202 230 230 426 438 
202 -> 185 230 426 441 
314 -> 185 313 437 
312 -> 185 255 313 
255 -> 185 313 312 
313 -> 185 185 255 312 314 437 
374 -> 185 185 284 284 307 372 
307 -> 185 284 374 
304 -> 185 232 399 
194 -> 185 185 216 449 216 449 216 449 195 364 364 195 
293 -> 185 230 294 
278 -> 185 185 185 185 316 316 388 388 
292 -> 185 185 185 191 191 220 220 226 226 226 226 227 227 227 227 228 229 294 375 375 294 294 356 356 375 375 
282 -> 185 283 407 
283 -> 185 282 407 
190 -> 185 185 226 227 296 227 296 226 285 285 
186 -> 184 185 185 185 232 424 422 370 410 232 232 380 381 225 232 362 375 233 232 
233 -> 184 186 232 
346 -> 183 185 185 204 345 425 
309 -> 182 183 185 407 
178 -> 177 177 181 185 185 181 
180 -> 177 229 228 
177 -> 229 180 228 178 178 
179 -> 176 229 228 
329 -> 176 176 185 185 330 330 
176 -> 329 329 229 179 228 
361 -> 165 188 360 360 426 426 
360 -> 165 188 361 426 361 426 
162 -> 244 237 242 425 237 242 425 244 
392 -> 161 185 403 
160 -> 158 158 185 230 230 185 185 258 294 294 185 258 
387 -> 154 172 173 275 342 395 
263 -> 154 413 433 
266 -> 154 201 219 297 438 294 
214 -> 154 154 185 185 185 364 364 226 227 408 227 408 226 297 381 297 381 
381 -> 154 154 170 170 185 186 192 192 214 214 226 226 227 227 232 297 297 375 375 380 380 380 426 426 388 434 434 388 426 426 
316 -> 154 185 185 185 278 278 297 408 
275 -> 152 152 154 391 394 391 394 342 387 
270 -> 152 152 154 154 394 426 394 426 297 342 297 342 
264 -> 152 414 
390 -> 152 152 192 192 211 211 269 269 426 426 394 394 
285 -> 152 172 172 172 173 173 173 185 185 190 190 308 308 369 
150 -> 153 284 425 
354 -> 148 153 239 243 256 351 
245 -> 145 146 182 185 185 185 187 204 207 226 227 425 306 246 
301 -> 145 145 175 175 183 183 185 185 187 187 197 197 364 364 407 407 
195 -> 145 145 146 146 194 194 197 199 425 425 197 199 364 364 
199 -> 145 145 146 146 195 195 197 197 216 310 407 407 216 310 425 425 
196 -> 145 145 146 146 185 197 230 197 207 204 425 204 425 197 207 
294 -> 145 145 146 146 154 154 154 154 160 160 175 175 183 183 185 185 185 185 185 185 201 226 226 227 227 228 229 230 258 258 266 292 292 292 293 297 425 297 425 297 407 297 407 438 
243 -> 144 144 144 146 146 146 152 237 237 239 354 256 406 450 
235 -> 144 144 146 146 234 443 
236 -> 144 144 146 146 234 234 
234 -> 144 144 144 146 146 146 236 236 235 
174 -> 144 144 146 146 146 146 172 172 429 429 425 425 
258 -> 144 146 160 160 185 185 257 294 294 
257 -> 144 146 258 
305 -> 144 144 144 144 146 146 146 146 152 152 184 184 184 184 184 184 185 185 185 185 305 305 305 305 421 398 407 398 407 421 426 407 408 407 408 426 
184 -> 144 144 146 146 305 185 185 305 305 305 305 305 407 184 184 185 407 185 233 186 232 452 184 184 452 452 452 
369 -> 144 146 152 154 172 173 285 367 407 
367 -> 144 146 154 369 407 
205 -> 144 144 146 146 204 204 229 206 228 407 206 228 407 229 
161 -> 144 146 163 185 392 403 
335 -> 144 144 146 146 185 333 333 334 425 
333 -> 144 144 144 146 146 146 185 185 185 237 237 237 335 335 334 368 409 442 411 428 411 
332 -> 144 144 146 146 328 328 
328 -> 144 144 144 144 146 146 146 146 332 332 331 331 
326 -> 144 144 146 146 325 325 
327 -> 144 144 146 146 325 325 
325 -> 144 144 144 144 146 146 146 146 327 327 326 326 
323 -> 144 146 185 230 322 334 
320 -> 144 144 146 146 319 319 
321 -> 144 144 146 146 319 319 
319 -> 144 144 144 144 146 146 146 146 321 321 320 320 
317 -> 144 146 151 185 230 450 
310 -> 144 144 146 146 152 152 185 185 197 197 199 199 204 207 216 216 230 260 260 407 407 407 407 407 407 
324 -> 144 144 146 146 322 322 
322 -> 144 144 144 144 144 146 146 146 146 146 148 185 428 411 324 324 323 322 322 
148 -> 144 144 144 144 146 146 146 146 153 428 185 322 411 151 151 153 153 351 354 
167 -> 139 139 152 152 166 166 169 169 228 229 229 228 
159 -> 139 139 185 185 163 228 229 229 163 228 
139 -> 159 185 159 185 228 152 167 229 152 167 229 228 
141 -> 138 138 229 228 228 229 
138 -> 140 229 228 228 140 229 229 141 228 141 228 229 
231 -> 137 137 137 137 217 217 217 217 231 231 231 231 
137 -> 231 137 137 231 231 231 
140 -> 136 138 138 185 447 229 228 228 229 
183 -> 136 144 144 144 144 145 145 146 146 154 154 154 175 175 175 175 175 175 175 175 175 407 436 434 294 297 407 297 407 294 309 407 185 204 185 204 346 187 197 301 407 301 407 187 197 
136 -> 183 185 204 185 140 447 
182 -> 134 134 144 144 145 146 146 146 175 175 185 309 229 187 228 230 187 228 230 229 185 207 245 204 425 382 425 425 382 
135 -> 134 185 207 204 425 146 375 144 247 407 144 247 407 146 375 
303 -> 134 204 207 230 249 315 426 425 315 426 
187 -> 131 131 145 175 175 182 182 183 183 185 185 185 185 230 229 228 230 228 230 229 197 301 407 301 407 197 226 227 245 
215 -> 127 127 133 133 146 185 209 209 272 407 425 
209 -> 127 127 133 133 185 185 185 200 219 271 299 299 271 215 215 
133 -> 127 127 209 215 215 209 
343 -> 126 126 127 127 230 230 274 274 
274 -> 126 126 127 127 230 230 343 343 
331 -> 126 126 142 142 144 144 144 146 146 146 328 328 443 334 334 
142 -> 126 126 127 127 146 204 348 144 407 144 407 146 204 348 229 228 228 229 334 331 331 334 
334 -> 126 126 142 142 144 144 146 146 185 185 230 323 331 331 333 341 335 425 
126 -> 185 375 127 219 127 219 185 375 334 142 331 142 331 334 127 274 230 343 230 343 127 274 
132 -> 125 125 146 145 407 145 407 146 
125 -> 132 146 145 407 145 407 132 146 
134 -> 123 123 130 130 303 249 425 146 166 145 405 406 425 406 425 405 298 145 425 145 425 298 425 425 185 207 135 204 425 382 182 425 182 425 382 
130 -> 123 123 134 425 425 134 
224 -> 122 273 432 
198 -> 121 121 229 228 407 228 407 229 229 210 228 210 228 229 227 210 226 210 226 227 
121 -> 229 198 228 407 198 228 407 229 146 197 144 144 146 197 
384 -> 119 119 152 152 232 232 232 232 281 281 
315 -> 118 118 204 207 230 265 303 303 426 426 420 420 426 426 407 
295 -> 114 114 185 185 364 364 
119 -> 114 114 232 384 232 384 
114 -> 119 119 185 295 364 295 364 185 
261 -> 112 112 185 185 
112 -> 185 451 185 451 185 261 261 185 
129 -> 111 111 229 448 228 228 229 448 185 185 
128 -> 110 110 229 444 228 228 229 444 185 185 
189 -> 110 152 185 230 
110 -> 185 152 189 230 128 185 128 185 
265 -> 109 416 407 315 407 
109 -> 146 431 144 144 146 431 416 265 407 
393 -> 106 106 154 154 172 172 173 173 287 287 297 297 
279 -> 104 104 154 154 172 172 173 173 288 288 297 297 
336 -> 103 103 154 154 172 172 173 173 286 286 297 297 
308 -> 102 102 154 154 172 172 173 173 285 285 297 297 
277 -> 100 118 425 
118 -> 100 277 425 315 426 426 315 
143 -> 96 96 156 185 416 407 407 156 185 416 407 407 
97 -> 96 96 185 185 229 228 431 228 431 229 
96 -> 97 185 97 185 143 407 407 143 
171 -> 95 172 173 433 229 228 
95 -> 219 413 152 154 229 171 228 
151 -> 93 93 144 144 144 146 146 146 148 148 149 149 317 284 284 
284 -> 93 93 144 144 146 146 149 149 150 151 151 153 172 172 173 173 185 185 226 226 226 227 227 227 228 228 229 229 307 374 374 372 425 372 372 373 373 373 373 373 373 373 
94 -> 93 185 407 
93 -> 185 94 407 149 284 151 151 149 284 
302 -> 92 92 144 144 146 146 146 146 437 425 425 437 
300 -> 92 92 442 411 439 411 439 442 
92 -> 442 300 411 439 300 411 439 442 146 302 144 144 146 302 
91 -> 146 407 185 145 
223 -> 88 88 192 192 204 204 391 391 426 391 391 426 
213 -> 88 88 89 89 204 204 
222 -> 88 88 204 204 281 281 
281 -> 88 88 152 152 152 152 204 204 222 222 226 226 227 227 232 232 384 384 420 420 
388 -> 88 88 152 152 185 185 226 227 228 229 278 278 381 381 434 434 
276 -> 88 152 154 342 436 394 
394 -> 88 152 152 152 152 152 152 152 269 269 270 270 275 275 276 390 390 391 391 426 426 
170 -> 88 88 115 115 204 204 381 426 381 426 
115 -> 88 88 116 185 227 226 226 116 185 227 170 204 170 204 
113 -> 88 88 204 435 204 435 204 152 
268 -> 88 88 108 108 185 185 204 204 219 219 407 407 
220 -> 87 87 185 185 185 185 185 185 415 407 407 415 292 375 230 230 292 375 
200 -> 87 185 185 209 219 201 230 
210 -> 87 144 144 146 146 185 185 198 198 198 198 229 228 228 229 227 226 226 227 415 415 230 
86 -> 89 152 99 226 227 
120 -> 85 85 156 226 227 227 156 226 226 227 227 226 
267 -> 85 85 88 88 164 164 
164 -> 85 85 88 88 267 267 
85 -> 164 88 267 88 267 164 120 226 227 227 120 226 
100 -> 84 118 277 425 152 
83 -> 81 82 229 232 185 228 272 271 
84 -> 81 229 232 185 228 100 152 
81 -> 84 229 232 185 228 272 83 271 
82 -> 80 83 229 232 185 228 272 271 
271 -> 79 80 81 82 83 155 185 185 209 209 272 272 272 299 299 
155 -> 79 272 271 
272 -> 79 80 81 82 83 146 155 185 215 271 271 271 407 425 
232 -> 79 80 81 82 83 84 119 119 152 152 184 185 185 185 185 185 185 186 186 186 186 186 203 203 221 221 225 228 228 228 229 229 229 384 384 281 384 384 281 304 399 424 422 380 381 362 375 233 425 425 
80 -> 79 229 232 185 228 82 272 271 
79 -> 80 229 232 185 228 272 155 271 
342 -> 77 154 154 154 154 154 269 270 270 275 276 297 297 436 387 
269 -> 77 152 152 154 390 394 390 394 342 
77 -> 172 78 173 154 269 342 
99 -> 74 74 86 185 185 226 227 
74 -> 185 297 391 154 185 99 99 185 
341 -> 73 73 144 146 185 230 334 338 448 407 407 448 
339 -> 73 73 407 382 382 407 
73 -> 339 407 382 382 339 407 407 443 444 444 407 443 448 341 407 341 407 448 
145 -> 72 72 91 125 125 132 132 134 134 134 144 144 144 144 144 144 144 144 144 146 407 407 146 146 154 412 413 425 413 425 146 154 412 146 154 294 297 425 297 425 146 154 294 146 299 146 299 146 347 146 347 146 146 183 175 175 183 185 187 230 185 418 146 146 197 207 196 204 425 196 204 425 146 197 207 185 146 197 199 195 425 195 425 146 197 199 146 166 158 157 157 158 404 163 185 301 364 364 185 301 146 185 207 245 182 204 425 298 425 425 298 
347 -> 72 72 145 145 146 146 344 344 379 379 
348 -> 72 142 142 144 144 146 146 204 204 280 407 407 425 
280 -> 72 348 425 
72 -> 280 348 425 146 347 145 145 146 347 
108 -> 67 67 67 67 88 88 204 268 268 204 226 227 227 226 228 229 229 228 
163 -> 65 65 144 144 145 146 158 158 159 159 161 228 229 229 228 404 
66 -> 65 185 407 
65 -> 185 66 407 163 163 
64 -> 63 63 226 227 227 226 
124 -> 61 69 146 185 207 144 204 407 247 127 
131 -> 61 61 123 123 127 127 185 187 185 187 
127 -> 61 61 61 123 123 124 126 126 126 126 142 229 228 228 142 229 146 204 144 407 440 144 407 440 146 204 185 375 219 219 185 375 274 230 343 230 343 274 131 131 247 133 209 215 215 133 209 219 
62 -> 61 61 146 204 144 407 144 407 146 204 146 204 144 363 407 144 363 407 146 204 
61 -> 146 204 62 144 407 62 144 407 146 204 123 127 131 127 131 123 247 124 127 
364 -> 59 59 114 114 123 123 145 145 172 173 185 185 185 185 185 185 185 194 194 195 195 197 214 214 230 295 295 301 301 434 
123 -> 59 59 61 61 130 134 425 425 130 134 364 364 127 131 127 131 
69 -> 58 146 144 407 124 146 185 207 144 204 407 
59 -> 57 57 146 197 144 407 144 407 146 197 123 364 123 364 
58 -> 57 57 152 152 69 146 144 407 
57 -> 58 152 58 152 146 197 59 144 407 59 144 407 146 197 
122 -> 55 273 432 273 432 224 
452 -> 184 184 184 184 452 452 
55 -> 216 152 273 122 432 
149 -> 52 52 54 93 93 153 425 153 425 425 153 284 151 151 284 
153 -> 52 52 54 144 144 144 144 144 146 146 146 146 146 148 148 148 149 149 149 150 351 354 284 425 425 425 425 207 244 204 407 230 244 407 407 230 244 
450 -> 9 144 146 185 230 243 317 407 448 
53 -> 52 146 144 
70 -> 51 68 185 311 185 311 185 311 372 
311 -> 51 51 68 68 70 70 70 185 185 185 185 445 372 
68 -> 51 185 445 311 185 70 311 
71 -> 50 185 358 
358 -> 50 50 71 185 185 446 
249 -> 56 56 134 303 425 
449 -> 185 185 194 194 194 216 216 216 
52 -> 53 146 144 153 149 425 149 425 153 
49 -> 260 185 185 260 226 227 405 227 405 226 
446 -> 50 185 358 
47 -> 185 289 185 289 226 105 227 105 227 226 
444 -> 73 73 128 128 228 228 229 229 407 407 443 443 
247 -> 61 124 127 135 135 144 144 146 146 375 407 407 375 
447 -> 136 140 185 
50 -> 185 446 358 185 71 358 
63 -> 64 226 227 227 64 226 185 226 227 412 227 412 185 226 
260 -> 49 49 185 185 197 197 310 407 407 310 
46 -> 226 106 227 106 227 226 185 290 185 290 
443 -> 73 73 144 144 146 146 235 331 407 407 444 444 
105 -> 47 47 226 227 227 226 154 297 400 297 400 154 
289 -> 47 47 172 172 173 173 185 185 413 413 
290 -> 46 46 172 172 173 173 185 185 400 400 
106 -> 46 46 226 227 227 226 154 297 393 297 393 154 
103 -> 45 45 226 227 227 226 154 297 336 297 336 154 
90 -> 67 67 185 416 185 416 
287 -> 45 45 172 172 173 173 185 185 393 393 
296 -> 44 44 154 154 154 154 185 185 190 190 226 226 227 227 297 297 297 297 
445 -> 51 68 185 311 
48 -> 41 41 226 227 227 226 154 226 152 227 421 152 227 421 154 226 
41 -> 42 185 154 154 42 185 226 48 227 48 227 226 
273 -> 55 122 122 224 432 432 
76 -> 40 40 226 227 227 226 154 297 421 297 421 154 
78 -> 40 40 77 172 173 185 185 
116 -> 39 39 115 115 185 227 226 226 185 227 185 185 
172 -> 39 39 77 78 117 117 146 146 152 171 413 173 289 173 289 413 400 173 290 173 290 400 393 173 287 173 287 393 336 173 286 173 286 336 401 173 291 173 291 401 279 173 288 173 288 279 308 173 285 173 285 308 185 173 173 185 434 173 364 284 173 373 173 373 284 369 173 285 173 174 425 425 174 173 433 387 173 395 
117 -> 39 39 172 185 173 173 172 185 
436 -> 34 34 154 154 175 183 276 342 407 434 
39 -> 117 172 185 173 173 117 172 185 185 116 116 185 
87 -> 37 37 426 152 152 426 185 210 185 230 185 200 201 230 185 220 185 230 185 230 185 220 
434 -> 154 172 173 175 183 185 185 185 185 226 226 227 227 228 228 229 229 364 381 381 388 388 407 435 435 435 435 436 
37 -> 43 43 87 426 152 152 87 426 
44 -> 35 35 229 228 228 229 185 296 297 154 154 185 296 297 
432 -> 55 122 122 224 273 273 
35 -> 44 229 228 228 44 229 146 36 144 36 144 146 
439 -> 92 92 185 185 300 300 411 411 411 411 438 438 442 442 442 442 
42 -> 41 41 185 154 154 185 185 395 
431 -> 97 97 109 109 144 144 146 146 228 228 229 229 
34 -> 398 398 436 436 
165 -> 33 33 360 361 426 185 370 370 185 
371 -> 33 33 397 397 
433 -> 154 171 172 173 263 413 
36 -> 32 32 35 35 146 144 144 146 146 144 144 146 
297 -> 31 31 44 44 74 76 76 101 101 102 102 103 103 104 104 105 105 106 106 145 145 146 146 154 154 154 154 154 154 154 154 154 154 154 154 154 154 154 154 154 154 154 154 154 154 154 154 154 154 154 154 154 154 154 175 175 183 183 185 185 185 185 185 185 185 214 214 219 266 270 270 279 279 294 294 294 294 296 296 296 296 393 393 400 400 336 336 401 401 308 308 425 425 408 316 381 407 407 421 421 381 391 391 391 342 342 
75 -> 28 28 31 31 185 185 185 185 
226 -> 0 0 5 5 6 6 23 23 24 24 25 25 26 26 27 27 28 28 29 29 38 38 40 40 41 41 43 43 45 45 46 46 47 47 48 48 48 48 49 49 63 63 63 63 64 64 67 67 76 76 85 85 86 88 88 88 88 98 98 99 101 101 102 102 103 103 104 104 105 105 106 106 107 107 108 108 115 115 116 116 120 120 120 120 152 152 152 152 152 154 154 156 156 185 185 185 185 185 185 185 185 185 185 185 185 185 185 185 187 190 190 198 198 204 204 204 204 204 206 206 207 210 210 214 214 217 217 227 227 227 227 227 227 227 227 227 227 227 412 227 412 227 227 227 296 227 296 227 227 227 227 227 227 230 227 230 227 227 435 227 434 227 434 435 227 227 227 408 227 408 388 227 227 227 227 227 227 227 420 227 281 227 281 420 227 227 227 227 292 227 294 227 294 292 356 227 292 227 292 356 242 227 238 227 238 242 380 227 381 227 381 380 227 227 407 227 227 407 284 227 373 227 373 284 227 284 373 227 405 227 405 227 227 227 245 227 227 227 227 227 227 227 227 421 227 421 
426 -> 37 37 38 38 87 87 98 98 118 118 144 144 144 144 146 146 146 146 152 152 152 152 152 152 165 170 170 185 185 185 185 185 185 188 192 192 192 192 192 192 192 192 192 201 202 204 207 211 211 219 219 219 219 219 223 223 230 230 230 230 230 270 270 303 303 305 305 315 315 315 315 360 360 361 361 375 375 381 381 381 381 390 390 391 391 394 394 407 407 408 408 416 416 441 438 
29 -> 28 28 89 152 89 152 226 227 227 226 
425 -> 5 5 52 52 54 72 100 118 123 123 130 130 134 134 134 134 134 134 134 134 134 134 135 145 145 145 145 145 145 145 145 145 145 145 146 146 146 146 146 146 146 146 146 146 146 146 146 146 149 149 149 150 153 153 153 153 154 154 154 154 162 162 172 172 174 174 175 175 182 182 182 185 185 185 185 185 185 185 185 195 195 196 196 197 197 197 197 199 199 203 203 204 204 204 204 207 207 207 207 215 221 221 232 232 237 237 242 242 242 242 244 244 244 244 245 249 272 277 280 284 294 294 297 297 298 298 302 302 303 334 335 345 346 348 350 350 357 365 365 382 382 389 389 405 405 406 406 407 407 412 412 413 413 419 419 437 437 
28 -> 226 29 227 29 227 226 75 185 75 185 
227 -> 0 0 5 5 6 6 23 23 24 24 25 25 26 26 27 27 28 28 29 29 38 38 40 40 41 41 43 43 45 45 46 46 47 47 48 48 48 48 49 49 63 63 63 63 64 64 67 67 76 76 85 85 86 88 88 88 88 98 98 99 101 101 102 102 103 103 104 104 105 105 106 106 107 107 108 108 115 115 116 116 120 120 120 120 152 152 152 152 152 154 154 156 156 185 185 185 185 185 185 185 185 185 185 185 185 185 185 185 187 190 190 198 198 204 204 204 204 204 206 206 207 210 210 214 214 217 217 226 226 226 226 226 226 226 226 226 226 226 226 226 226 226 226 226 226 226 226 226 226 226 226 226 226 226 226 226 226 226 226 226 226 226 226 226 226 226 226 226 226 226 226 226 226 226 226 226 226 226 226 226 226 226 226 226 226 226 226 226 226 226 226 226 226 226 226 226 226 226 226 226 412 412 296 296 230 230 435 434 434 435 408 408 388 420 281 281 420 292 294 294 292 356 292 292 356 242 238 238 242 380 381 381 380 407 407 284 373 373 284 284 373 405 405 245 421 421 
427 -> 5 5 107 107 359 359 407 407 
30 -> 27 27 204 88 211 88 211 204 185 185 
435 -> 88 88 113 113 185 185 185 185 204 204 226 226 227 227 228 228 229 229 434 434 434 434 
38 -> 26 26 26 26 426 152 152 426 38 38 229 228 228 229 227 226 226 227 
423 -> 144 144 146 146 424 424 
26 -> 38 229 228 228 38 229 185 391 185 391 38 227 226 226 38 227 
221 -> 5 60 203 203 219 232 425 425 232 
421 -> 48 48 76 76 144 144 146 146 152 152 154 154 154 154 226 226 227 227 297 297 305 305 398 398 407 407 
24 -> 185 288 185 288 226 102 227 102 227 226 
418 -> 145 146 185 
21 -> 20 353 351 353 22 351 
217 -> 0 0 0 0 227 226 226 227 229 228 228 229 231 217 217 231 231 231 
20 -> 19 353 351 353 21 351 
15 -> 8 181 175 181 16 175 
412 -> 63 63 145 145 146 146 154 154 185 185 226 226 227 227 413 425 413 425 
415 -> 144 144 146 146 185 185 210 210 220 220 407 407 
18 -> 17 353 351 353 19 351 
414 -> 152 264 
17 -> 16 353 18 351 181 175 181 17 17 175 181 175 
413 -> 95 145 145 146 146 152 154 154 154 154 172 172 173 173 219 263 289 289 412 412 425 425 433 
16 -> 15 181 175 181 17 175 
158 -> 5 5 5 5 144 144 144 144 145 145 146 146 156 156 156 156 157 157 157 157 168 168 169 169 163 163 160 185 230 230 160 185 
355 -> 14 351 352 
173 -> 39 39 77 78 117 117 152 171 172 172 172 172 172 172 172 172 172 172 172 172 172 172 172 172 172 172 172 172 172 172 172 413 289 289 413 400 290 290 400 393 287 287 393 336 286 286 336 401 291 291 401 279 288 288 279 308 285 285 308 185 185 434 364 284 373 373 284 369 285 433 387 395 
370 -> 13 33 33 144 146 165 165 185 185 185 186 375 407 410 
10 -> 299 407 298 298 299 407 383 407 382 382 383 407 
407 -> 1 2 5 5 5 5 9 9 9 9 9 10 10 10 10 13 13 32 32 57 57 58 59 59 61 61 62 62 62 62 65 66 69 69 73 73 73 73 73 73 91 93 94 96 96 107 107 107 107 109 121 121 124 125 125 127 127 132 132 135 135 142 142 143 143 143 143 144 144 144 144 144 144 144 144 144 144 144 144 144 144 144 144 144 144 144 144 144 144 144 144 144 144 144 144 144 144 144 144 145 145 146 146 146 146 146 146 146 146 146 146 146 146 146 146 146 146 146 146 146 146 146 146 146 146 146 146 146 146 146 146 146 146 146 146 146 146 152 152 152 152 153 153 153 154 154 154 154 156 156 175 175 175 175 175 183 183 183 183 183 183 184 184 185 185 185 185 185 185 185 185 185 185 185 185 185 185 185 185 185 185 185 185 187 187 197 197 197 197 197 197 198 198 199 199 201 204 204 204 204 204 204 204 204 204 204 204 204 204 204 205 205 206 206 207 207 207 207 207 215 216 216 219 219 220 220 226 226 227 227 228 228 228 228 229 229 229 229 230 230 230 230 230 244 244 244 247 247 260 260 265 265 268 268 272 282 283 294 294 297 297 298 298 298 298 299 299 299 299 301 301 305 305 305 305 309 310 310 310 310 310 310 315 339 339 341 341 344 344 345 345 348 348 359 359 363 363 367 369 370 375 375 375 380 382 382 382 382 383 383 385 385 386 386 389 389 398 398 436 434 440 440 415 415 450 448 416 416 416 427 427 421 421 425 417 425 426 408 408 426 443 444 444 443 448 448 
13 -> 146 201 204 144 407 146 375 144 370 407 
430 -> 144 144 146 146 166 166 185 185 185 298 299 382 383 385 386 
33 -> 371 371 185 165 370 165 370 185 
230 -> 12 87 87 87 87 88 88 88 88 110 111 126 126 127 127 144 144 144 144 144 145 146 146 146 146 146 152 152 152 153 153 158 158 160 160 182 182 185 185 185 185 185 185 185 185 185 185 185 185 185 185 185 185 185 185 185 185 185 185 185 185 185 185 185 185 185 185 185 185 185 185 185 187 187 187 189 196 197 197 200 201 201 201 202 204 204 204 204 204 204 204 204 204 207 207 207 208 208 210 219 219 220 220 226 226 227 227 228 228 228 228 229 229 229 229 299 386 386 299 293 294 315 303 426 310 407 426 441 318 448 438 441 426 438 317 450 337 340 323 334 338 341 364 396 262 262 396 407 407 274 343 343 274 451 451 426 426 244 407 407 244 
349 -> 5 5 5 5 157 157 
152 -> 12 29 29 32 32 37 37 38 38 48 48 55 56 57 57 58 58 60 84 86 87 87 88 88 88 89 89 89 95 100 110 111 113 139 139 144 144 144 144 146 146 146 146 426 426 232 281 384 384 232 281 394 276 226 388 227 389 407 389 407 185 226 420 227 281 227 281 226 420 185 305 305 185 185 230 310 407 228 167 229 167 229 228 185 207 204 310 407 406 243 204 172 369 173 285 390 394 269 269 390 394 228 388 229 216 264 414 394 426 270 270 394 426 426 426 219 413 154 185 189 230 185 230 391 394 275 275 391 394 154 226 227 421 227 421 154 226 
448 -> 9 73 73 129 129 185 228 228 229 229 230 318 341 341 407 407 407 450 
51 -> 185 445 68 311 185 70 311 
248 -> 11 175 181 237 239 256 
185 -> 0 0 1 2 4 4 12 23 23 24 24 25 25 26 26 27 27 28 28 30 30 31 31 31 31 33 33 39 39 39 39 40 40 41 41 42 42 42 44 44 45 45 46 46 47 47 49 49 50 50 51 51 56 60 63 63 65 66 68 68 69 70 70 70 71 74 74 74 75 75 75 75 78 78 79 80 81 82 83 84 87 87 87 87 87 87 87 88 88 88 88 90 90 91 93 94 96 96 97 97 99 99 110 110 110 111 111 111 112 112 112 112 114 114 115 115 116 116 116 116 117 117 124 126 126 127 127 128 128 129 129 131 131 134 135 136 136 139 139 140 143 143 144 144 144 144 144 145 145 145 145 145 145 146 146 146 146 146 146 146 146 147 147 148 152 152 152 152 152 152 152 154 154 154 154 154 154 154 154 154 156 156 158 158 159 159 160 160 160 160 161 165 165 172 172 173 173 175 175 178 178 181 181 182 182 183 183 184 184 184 184 288 288 286 286 291 291 226 227 412 227 412 226 287 287 289 289 290 290 285 190 190 285 227 230 204 226 204 226 227 230 229 230 204 228 204 228 229 230 268 219 407 219 407 268 226 435 227 434 227 434 226 435 228 435 229 434 229 434 228 435 295 364 295 364 227 226 226 227 283 282 407 228 292 229 294 364 214 214 364 297 408 316 316 278 278 316 278 388 388 278 296 297 296 297 305 305 299 230 386 230 386 299 299 298 430 293 230 294 187 230 418 206 226 204 227 204 227 206 226 194 216 449 216 449 194 206 206 232 304 399 196 197 230 415 220 407 220 407 415 375 219 219 375 307 284 374 374 284 372 428 322 411 309 313 255 312 314 313 437 229 232 228 229 232 228 229 232 228 305 305 230 310 407 202 230 426 441 318 230 448 201 230 438 441 201 230 426 438 317 230 450 337 230 340 323 230 334 338 230 341 330 329 329 330 335 334 425 416 407 407 416 226 292 227 294 227 294 226 292 226 242 227 238 227 238 226 242 407 407 416 416 207 204 310 407 260 260 207 204 230 197 230 364 204 447 204 346 346 345 425 345 344 407 344 407 345 383 382 430 186 370 410 186 232 210 185 185 230 210 230 209 219 200 200 201 230 407 451 451 261 261 407 301 364 364 301 207 245 204 425 187 226 227 245 386 385 430 297 381 214 392 403 215 272 407 425 370 370 259 193 218 254 251 252 254 250 253 230 230 258 294 294 258 297 391 297 391 297 391 439 442 411 438 411 438 439 442 417 380 407 407 419 425 425 419 425 407 207 204 425 207 204 407 187 187 391 391 271 209 299 209 299 271 225 232 186 362 375 219 185 185 230 426 219 230 426 230 426 185 185 219 230 426 219 219 438 201 445 311 311 311 311 372 446 358 358 220 185 185 230 220 230 230 185 185 220 230 220 189 230 203 204 212 204 212 203 237 368 333 409 237 442 333 411 237 428 333 411 230 395 306 245 246 
382 -> 10 10 73 73 134 134 182 182 185 339 339 407 407 383 430 383 407 383 407 425 425 
89 -> 29 29 86 88 88 152 204 213 213 204 152 152 
286 -> 23 23 172 172 173 173 185 185 336 336 
383 -> 10 10 185 382 382 382 430 407 407 
156 -> 5 5 5 5 120 120 143 143 185 416 407 407 185 416 226 227 227 226 158 168 168 158 158 169 169 158 
353 -> 17 18 18 19 19 20 20 21 21 22 351 351 351 351 351 
56 -> 60 152 185 249 249 
288 -> 24 24 172 172 173 173 185 185 279 279 
385 -> 9 9 185 386 407 386 407 386 430 
389 -> 32 32 144 144 146 146 152 152 350 350 365 365 366 366 407 407 425 425 402 402 
192 -> 12 12 88 88 98 98 204 204 381 375 426 375 426 381 219 426 211 426 390 390 211 426 219 426 219 426 223 426 391 391 223 426 
386 -> 9 9 185 185 185 230 230 299 299 385 385 385 407 407 430 
206 -> 0 0 88 88 185 185 185 185 204 204 204 204 205 205 216 216 226 227 227 226 229 228 407 228 407 229 
6 -> 2 2 5 5 242 237 237 242 226 98 227 98 227 226 146 67 144 67 144 146 
403 -> 3 3 144 144 146 146 161 185 392 
406 -> 134 134 152 243 405 405 425 425 
9 -> 386 407 385 385 386 407 298 299 407 299 407 298 407 450 448 
372 -> 70 144 144 146 146 185 185 284 284 284 311 374 372 372 
175 -> 8 8 11 11 15 15 16 16 17 17 17 144 144 144 144 144 144 145 145 146 146 146 146 154 154 154 407 436 183 434 183 183 183 183 181 248 181 181 181 181 181 183 294 297 407 297 407 183 294 182 182 183 187 197 301 407 301 407 183 187 197 185 419 425 425 185 419 
375 -> 13 126 126 127 127 135 135 144 144 144 146 146 146 185 185 185 186 191 191 192 192 219 219 220 220 225 232 247 247 292 292 292 292 362 370 381 426 426 381 407 407 407 
181 -> 8 8 11 11 15 15 16 16 17 17 17 175 175 175 175 175 175 178 178 248 185 185 
8 -> 11 181 175 181 15 175 
405 -> 49 49 134 134 226 226 227 227 406 425 406 425 
408 -> 88 88 144 144 146 146 154 185 197 197 204 204 214 214 226 226 227 227 297 305 305 316 407 407 426 426 
11 -> 8 181 248 175 181 175 
102 -> 24 24 226 227 227 226 154 297 308 297 308 154 
299 -> 9 9 10 10 144 144 145 145 146 146 185 185 185 185 185 209 209 230 230 271 271 298 298 298 298 298 386 386 407 407 430 407 407 
111 -> 12 129 185 129 185 185 152 230 
211 -> 30 30 88 88 192 192 204 204 426 390 390 426 
411 -> 92 92 148 185 185 185 185 185 237 237 300 300 322 333 333 428 442 439 439 442 439 442 438 438 439 442 442 428 
14 -> 7 352 351 355 352 351 
352 -> 7 7 14 14 22 351 351 351 355 
451 -> 112 112 185 185 208 208 230 230 
54 -> 153 149 425 
60 -> 5 56 152 185 219 221 
157 -> 5 5 5 5 144 144 144 144 145 145 146 146 158 158 373 373 158 158 349 349 
154 -> 31 31 41 41 42 42 44 44 48 48 74 76 76 77 95 101 101 102 102 103 103 104 104 105 105 106 106 144 145 145 145 145 146 146 146 146 146 152 152 152 297 393 297 393 279 297 279 297 412 413 425 413 425 412 296 297 297 296 297 400 297 400 297 336 297 336 297 401 297 401 297 308 297 308 294 297 425 297 425 294 276 342 436 175 407 436 183 434 185 297 408 316 185 296 297 185 296 297 297 381 214 183 294 175 297 407 175 297 407 183 294 367 369 407 269 342 297 421 297 421 185 297 381 214 185 297 391 185 297 391 185 297 391 270 297 342 297 342 270 219 297 266 413 433 263 219 413 185 185 226 227 421 227 421 226 275 342 387 
351 -> 7 7 14 14 17 18 18 19 19 20 20 21 21 22 22 148 153 354 352 355 353 353 353 353 353 352 352 
219 -> 5 60 95 98 98 126 126 127 127 127 152 154 154 185 185 185 185 185 185 185 185 185 185 192 192 192 200 201 209 268 407 407 268 375 375 221 426 297 266 413 426 426 230 426 230 426 438 
419 -> 175 175 185 185 425 425 
22 -> 7 21 353 351 352 351 
359 -> 5 5 107 107 407 427 427 407 
67 -> 6 6 226 108 227 108 227 226 228 108 229 108 229 228 107 144 146 146 107 144 90 90 146 144 144 146 
147 -> 4 4 185 185 147 147 
244 -> 5 5 144 144 144 144 144 146 146 146 146 146 153 153 153 162 162 204 207 230 230 237 237 237 237 242 242 242 242 425 425 425 425 407 407 407 
169 -> 5 5 5 5 156 156 158 158 166 166 167 167 168 168 
363 -> 62 62 144 144 146 146 204 204 407 407 
166 -> 5 5 134 144 144 145 146 146 146 168 169 169 168 167 167 430 430 
424 -> 144 144 146 146 186 232 422 423 423 
27 -> 43 229 228 228 43 229 43 227 226 226 43 227 30 185 30 185 
404 -> 144 145 163 
7 -> 22 352 351 352 14 351 
204 -> 12 12 13 30 30 61 61 62 62 62 62 69 88 88 88 88 88 88 88 88 88 88 88 88 88 88 88 88 88 88 88 88 88 88 88 88 88 89 89 108 108 113 113 113 115 115 124 127 127 134 135 136 142 142 144 144 144 144 144 144 144 144 144 144 144 144 144 144 144 144 145 145 145 146 146 146 146 146 146 146 146 146 146 146 146 146 146 146 146 146 146 146 152 152 153 170 170 182 183 183 185 185 185 185 185 185 185 185 185 185 185 185 185 185 185 192 192 196 196 197 197 197 197 201 203 203 211 211 207 227 226 227 230 226 226 227 230 229 230 228 228 229 230 268 268 435 435 348 407 407 348 407 440 407 440 216 206 206 216 206 226 227 227 206 226 408 408 207 425 425 207 207 315 303 426 281 222 222 281 407 407 363 407 363 407 207 310 407 207 230 407 396 230 262 230 262 396 230 207 407 207 407 230 205 205 346 207 245 425 213 213 207 425 207 407 391 223 223 391 212 212 207 244 407 
207 -> 69 88 124 134 135 144 144 144 144 144 145 145 145 146 146 146 146 146 146 146 146 152 153 182 185 185 185 185 185 196 196 197 197 204 204 204 204 204 204 204 204 204 204 204 204 227 226 425 425 315 303 426 310 407 230 230 407 407 230 245 425 425 407 244 407 
107 -> 5 5 5 5 67 67 226 407 227 227 226 407 144 146 146 144 359 407 427 427 359 407 
395 -> 42 172 173 185 387 
398 -> 34 34 144 144 146 146 305 305 421 407 407 421 
1 -> 2 185 407 
98 -> 6 6 226 227 227 226 219 426 192 192 219 426 
298 -> 9 9 10 10 134 134 145 145 185 299 407 299 407 299 430 299 407 299 407 425 425 
101 -> 23 23 226 227 227 226 154 297 401 297 401 154 
201 -> 13 87 144 146 185 185 185 185 200 230 438 441 230 426 438 204 407 230 266 438 294 219 438 
401 -> 101 101 154 154 172 172 173 173 291 291 297 297 
4 -> 147 185 147 185 
440 -> 127 127 144 144 146 146 204 204 407 407 
43 -> 27 27 27 27 37 37 229 228 228 229 227 226 226 227 
240 -> 3 3 5 5 242 242 242 242 
5 -> 3 3 60 219 221 168 166 169 166 169 168 156 158 168 168 156 158 158 156 169 156 169 158 6 6 244 242 425 242 425 244 242 240 240 242 157 373 373 157 373 373 226 407 107 227 107 227 226 407 157 349 349 157 359 407 107 427 107 427 359 407 349 349 
146 -> 3 3 6 6 13 13 32 32 32 32 35 35 36 36 36 36 52 53 57 57 58 59 59 61 61 62 62 62 62 67 67 67 67 69 69 72 72 91 92 92 107 107 109 109 121 121 124 125 125 127 127 132 132 134 135 135 142 142 144 144 144 144 144 144 144 144 144 144 144 144 144 144 144 144 144 144 144 144 144 144 144 144 144 144 144 144 144 144 144 144 144 144 144 144 144 144 144 144 144 144 144 144 144 144 144 144 144 144 144 144 144 144 144 144 144 144 144 144 144 144 144 144 144 144 144 144 144 144 144 144 144 144 144 144 144 144 144 144 144 144 144 144 144 144 144 144 144 144 144 144 144 144 144 144 144 144 144 144 144 144 144 144 144 144 144 144 144 144 144 144 144 144 145 145 145 145 145 145 145 145 145 145 145 145 145 145 145 145 145 145 145 407 407 154 412 413 425 413 425 154 412 154 294 297 425 297 425 154 294 152 389 407 152 389 407 299 299 146 146 204 348 407 407 204 348 204 407 440 407 440 204 347 347 183 175 175 183 185 418 197 207 196 204 425 196 204 425 197 207 197 197 210 415 415 210 407 148 153 322 324 151 148 148 151 153 148 152 185 230 310 407 197 199 195 425 195 425 197 199 317 151 319 321 321 319 320 319 319 320 324 322 323 322 322 322 341 334 325 327 327 325 326 325 325 326 328 332 332 328 443 331 331 328 328 331 333 335 335 333 334 333 431 431 166 204 407 407 204 204 363 407 363 407 204 403 403 158 157 157 158 416 426 426 416 161 163 372 284 284 372 152 185 207 204 310 407 201 204 407 375 370 407 204 230 207 407 207 407 204 230 204 205 205 204 182 175 175 182 154 367 369 407 407 185 184 407 184 185 305 421 398 407 398 407 305 421 185 207 245 182 204 425 185 215 272 407 425 257 258 423 424 424 423 197 407 407 197 407 185 207 204 407 375 247 407 247 407 375 305 426 407 408 407 408 305 426 429 174 174 429 174 172 425 172 425 174 430 166 166 430 437 302 425 302 425 437 302 302 234 236 236 234 443 235 235 234 237 244 244 237 243 237 237 243 450 243 207 244 153 204 407 230 244 153 407 153 407 230 244 
144 -> 3 3 6 6 13 13 32 32 32 32 35 35 36 36 36 36 52 53 57 57 58 59 59 61 61 62 62 62 62 67 67 67 67 69 69 92 92 107 107 109 109 121 121 124 127 127 135 135 142 142 146 146 146 146 146 152 389 407 152 389 407 146 146 299 145 145 146 299 146 144 144 146 146 146 146 204 348 407 407 146 204 348 146 204 407 440 407 440 146 204 145 146 145 146 145 183 175 175 145 183 183 146 175 146 175 183 146 197 146 197 146 210 415 415 146 210 146 148 153 146 322 324 146 151 148 148 146 151 153 146 148 146 152 185 230 310 407 146 317 151 146 146 319 321 321 146 319 146 320 319 319 146 320 324 146 322 146 323 322 146 322 322 146 341 334 146 325 327 327 146 325 146 326 325 325 146 326 146 328 332 332 146 328 146 443 331 146 331 328 328 146 331 146 333 335 335 146 333 146 334 333 146 431 146 431 146 204 407 407 146 204 146 204 363 407 363 407 146 204 146 403 146 403 146 158 157 157 146 158 416 146 426 146 426 416 146 161 163 146 146 158 145 157 145 157 158 404 145 163 146 372 284 284 146 372 146 152 185 207 204 310 407 146 201 204 407 146 375 370 407 146 204 230 207 407 207 407 146 204 230 146 204 205 205 146 204 146 182 175 175 146 182 146 154 367 369 407 407 146 185 184 407 146 184 185 146 305 421 398 407 398 407 146 305 421 146 257 258 146 423 424 424 146 423 146 197 407 407 146 197 146 407 146 185 207 204 407 146 375 247 407 247 407 146 375 146 305 426 407 408 407 408 146 305 426 146 429 174 174 146 429 146 430 166 166 146 430 146 302 146 302 146 146 146 234 236 236 146 234 146 443 235 146 235 234 146 237 244 244 146 237 146 243 237 237 146 243 146 450 243 146 207 244 153 204 407 146 230 244 153 407 153 407 146 230 244 
391 -> 26 26 31 31 74 88 88 152 152 154 154 154 185 185 185 185 185 192 192 204 204 223 223 223 223 275 275 297 297 297 426 426 394 394 
400 -> 105 105 154 154 172 172 173 173 290 290 297 297 
3 -> 146 403 144 144 146 403 242 5 240 5 240 242 
428 -> 148 185 185 237 322 333 411 411 
31 -> 185 297 391 154 154 185 297 391 75 185 75 185 
228 -> 0 0 26 26 27 27 35 35 38 38 43 43 44 44 67 67 79 80 81 82 83 84 88 88 88 95 97 97 108 108 121 121 127 127 128 128 129 129 138 138 138 138 139 139 140 140 141 141 142 142 152 152 152 159 159 163 163 167 167 171 176 177 179 180 182 182 185 185 185 185 185 185 185 185 187 187 198 198 198 198 204 204 205 205 206 206 210 210 217 217 229 229 229 230 229 230 229 229 435 229 434 229 434 435 292 229 294 229 229 229 229 229 229 229 407 407 229 229 229 229 232 229 232 229 232 229 229 431 431 229 229 229 229 229 229 284 229 373 229 373 284 229 407 407 229 229 230 230 229 229 229 229 229 388 229 229 229 229 229 444 229 444 229 448 229 448 
399 -> 185 232 304 
2 -> 1 185 407 6 242 237 237 6 242 
437 -> 146 146 185 302 302 313 314 425 425 
40 -> 78 185 78 185 226 76 227 76 227 226 
237 -> 2 2 6 6 144 144 144 144 146 146 146 146 162 162 185 185 185 239 256 248 244 242 425 242 425 244 242 377 378 242 242 368 333 409 442 333 411 428 333 411 244 244 243 243 
168 -> 5 5 5 5 156 156 158 158 166 166 169 169 
104 -> 25 25 226 227 227 226 154 279 297 279 297 154 
442 -> 92 92 185 185 185 237 300 300 333 411 411 411 411 411 438 438 439 439 439 439 
45 -> 185 287 185 287 226 103 227 103 227 226 
242 -> 2 2 3 3 5 5 5 5 6 6 162 162 185 185 226 226 227 227 237 237 237 237 237 238 238 240 240 240 240 244 425 425 244 244 425 377 378 425 244 
373 -> 5 5 5 5 157 157 172 172 173 173 226 226 226 227 227 227 228 228 229 229 284 284 284 284 284 284 284 
88 -> 12 12 30 30 85 85 204 211 211 204 207 227 204 226 227 230 185 204 226 185 204 226 227 230 229 230 185 204 228 185 204 228 229 230 108 204 268 268 108 204 113 204 435 204 435 113 115 170 204 170 204 115 394 152 276 226 388 152 227 216 204 206 204 206 216 197 204 408 204 408 197 192 204 192 204 204 281 222 222 204 281 164 267 267 164 228 388 152 229 89 204 213 213 89 204 204 391 223 223 204 391 
429 -> 144 144 146 146 174 174 
32 -> 36 146 144 144 36 146 146 144 152 389 407 144 152 389 407 146 
229 -> 0 0 26 26 27 27 35 35 38 38 43 43 44 44 67 67 79 80 81 82 83 84 88 88 88 95 97 97 108 108 121 121 127 127 128 128 129 129 138 138 138 138 139 139 140 140 141 141 142 142 152 152 152 159 159 163 163 167 167 171 176 177 179 180 182 182 185 185 185 185 185 185 185 185 187 187 198 198 198 198 204 204 205 205 206 206 210 210 217 217 228 228 228 228 228 228 228 228 228 228 228 228 228 228 228 228 228 228 228 228 228 228 228 228 228 228 228 228 228 228 228 228 228 228 228 228 228 228 228 228 228 228 228 228 228 228 228 228 230 230 435 434 434 435 292 294 407 407 232 232 232 431 431 284 373 373 284 407 407 230 230 388 444 444 448 448 
12 -> 88 192 204 192 204 88 111 185 152 230 
420 -> 152 152 226 226 227 227 281 281 315 315 
23 -> 185 286 185 286 226 101 227 101 227 226 
25 -> 185 291 185 291 226 104 227 104 227 226 
216 -> 55 88 88 152 185 185 194 194 194 199 199 204 204 206 206 449 449 449 310 407 407 310 
416 -> 90 90 109 143 143 144 144 146 146 156 156 185 185 185 185 265 407 407 407 426 426 
19 -> 18 353 351 353 20 351 
291 -> 25 25 172 172 173 173 185 185 401 401 
197 -> 57 57 59 59 88 88 121 121 144 144 144 144 145 145 145 145 146 146 146 146 146 146 146 146 175 175 183 183 185 185 187 187 195 195 196 196 196 230 204 408 204 408 207 204 425 204 425 207 199 425 425 199 310 260 407 260 407 310 230 364 301 407 301 407 407 407 
0 -> 206 185 185 206 227 217 226 217 226 227 229 217 228 217 228 229 
# Community_ID Size Nodes
226 1 0 
23 1 23 
420 1 420 
27 1 43 
421 1 398 
399 1 399 
5 1 107 
404 1 404 
4 2 4 147 
107 1 359 
25 1 25 
419 1 419 
355 2 7 14 
6 1 6 
0 1 206 
145 1 413 
414 1 414 
418 1 418 
38 1 38 
75 1 75 
146 1 36 
371 1 371 
370 2 33 165 
117 2 39 117 
39 2 116 173 
393 1 287 
90 1 90 
444 1 444 
446 1 446 
249 1 249 
68 2 51 68 
51 3 70 311 445 
55 2 55 273 
122 2 122 432 
64 2 63 64 
157 2 145 157 
276 2 342 436 
79 2 79 80 
271 1 82 
83 1 83 
70 1 372 
267 2 164 267 
156 5 5 120 156 158 349 
149 1 151 
277 1 277 
134 2 123 166 
331 1 331 
406 1 406 
209 7 127 131 155 209 215 271 272 
106 1 106 
303 1 303 
152 9 37 58 77 167 168 169 269 384 394 
424 1 424 
30 1 30 
227 8 24 28 85 88 102 115 210 217 
324 1 324 
321 1 321 
123 2 195 364 
320 2 319 320 
172 1 395 
369 2 367 369 
60 1 56 
257 1 257 
294 1 258 
97 1 97 
270 1 270 
297 2 279 381 
17 12 15 57 121 152 175 181 183 197 248 309 408 434 
411 4 237 368 377 428 
214 1 214 
161 2 161 392 
264 1 264 
263 1 263 
360 1 361 
125 1 132 
84 2 84 100 
281 1 222 
378 1 376 
273 1 224 
176 2 176 179 
375 3 98 192 390 
178 1 177 
345 1 346 
351 2 17 18 
154 8 42 48 105 266 275 276 387 421 
190 2 190 296 
292 2 292 356 
95 2 95 219 
278 1 278 
189 2 110 189 
307 1 307 
425 6 72 162 174 244 280 348 
228 6 26 65 139 163 180 229 
300 1 300 
397 1 397 
403 1 3 
9 3 73 318 448 
142 5 126 142 274 334 335 
439 1 439 
45 4 41 103 104 154 
313 2 312 313 
16 1 16 
410 1 410 
22 7 20 21 22 351 352 353 355 
204 15 45 62 101 108 135 150 196 198 207 226 281 284 373 401 412 
250 2 250 253 
153 1 54 
350 1 350 
310 2 199 216 
407 2 344 386 
212 1 212 
440 1 440 
46 1 46 
243 4 239 243 256 354 
340 1 340 
245 2 187 306 
121 2 144 327 
218 3 193 218 259 
315 4 118 211 426 441 
365 2 365 389 
268 25 1 9 10 13 32 61 66 93 94 125 247 260 265 282 339 341 345 363 370 375 382 385 407 417 443 
435 2 113 435 
238 1 241 
141 1 141 
188 2 188 360 
441 1 202 
229 4 44 67 171 431 
426 1 223 
329 1 329 
429 1 429 
35 1 35 
232 6 186 203 221 225 233 422 
88 1 170 
182 1 182 
379 1 379 
185 58 27 31 47 50 60 71 74 81 87 91 92 99 112 114 124 128 129 136 140 146 148 159 178 194 220 228 245 246 252 254 261 268 289 295 298 301 305 314 316 330 332 333 347 358 374 380 383 388 391 403 411 415 423 430 442 449 450 451 
452 1 452 
255 1 255 
8 2 8 11 
402 1 402 
208 7 153 201 208 230 262 338 438 
144 14 52 53 59 69 143 234 235 236 302 322 323 326 328 416 
191 1 191 
89 3 29 89 213 
86 1 86 
283 1 283 
96 4 96 185 251 337 
140 1 138 
431 1 109 
40 3 40 76 78 
237 1 409 
34 1 34 
231 2 137 231 
114 1 119 
327 1 325 
427 1 427 
230 8 160 200 293 294 297 299 317 343 
133 1 133 
136 8 12 111 204 205 310 315 396 447 
225 1 362 
19 1 19 
413 11 172 285 286 288 290 291 308 336 393 400 433 
366 1 366 
437 1 437 
240 16 2 49 130 134 149 184 227 232 238 240 242 304 357 378 405 425 
